fips,econ_state,county,pctemp_agriculture,pctemp_mining,pctemp_construction,pctemp_manufacturing,pctemp_trade,pctemp_trans,pctemp_information,pctemp_fire,pctemp_services,pctemp_government,num_civ_employed
0,US,United States,1.259202071,0.51272268,6.592261663,10.10800771,13.74533368,5.363914233,2.011223234,6.555840064,49.24412879,4.60736588,154842185
1000,AL,Alabama,0.993189611,0.398210342,6.604989835,14.33256857,14.08373479,5.454652081,1.519607282,5.523166001,45.67804465,5.411836841,2097384
1001,AL,Autauga,0.517902292,0.35478346,6.072098524,12.95163527,12.44596689,6.797977327,1.362042248,5.978305195,44.08286437,9.436424435,24522
1003,AL,Baldwin,0.952771556,0.257647937,8.585460243,9.249035135,16.47790012,5.003628104,1.525906763,7.520164895,45.20301606,5.224469193,95091
1005,AL,Barbour,5.717342209,0,6.810887912,23.04766433,12.81350291,6.632592417,0.606204683,3.720432664,33.63841674,7.012956139,8413
1007,AL,Bibb,1.967330392,1.895791105,9.848575176,16.89519494,12.90091809,5.723142959,1.263860737,5.341600095,39.02468105,5.138905449,8387
1009,AL,Blount,1.446365835,0.634210887,9.718483369,17.15563261,14.82410914,6.880503719,0.857781631,6.063786102,37.8792718,4.539854907,21917
1011,AL,Bullock,4.908543644,0,5.140078722,36.25839315,5.556841862,5.556841862,0.463070155,3.056263024,28.57142857,10.48853901,4319
1013,AL,Butler,2.496847415,0.075662043,3.94703657,25.01891551,12.66078184,4.943253468,1.336696091,3.404791929,41.18537201,4.930643127,7930
1015,AL,Calhoun,1.058543511,0.346584266,5.687322532,17.74260899,15.3081677,4.518122599,1.448972774,4.288458326,42.43360615,7.167613162,47896
1017,AL,Chambers,1.250252067,0.188209989,4.288499025,31.44451166,11.47408752,3.703703704,1.962761309,3.401223365,37.51428379,4.772467567,14877
1019,AL,Cherokee,3.436873748,0,7.575150301,24.31863727,11.07214429,6.813627255,0.921843687,2.885771543,37.99599198,4.97995992,9980
1021,AL,Chilton,1.586214767,0.901517745,14.49275362,14.84080794,16.44984594,6.978203812,0.770284149,7.006732854,32.28917038,4.684468789,17526
1023,AL,Choctaw,6.086748143,3.426791277,8.698777858,15.86388689,16.60675773,5.128205128,0.647016535,2.516175413,37.04768752,3.977953511,4173
1025,AL,Clarke,2.844272844,0.720720721,8.391248391,25.31531532,12.80566281,6.396396396,0.656370656,4.208494209,34.68468468,3.976833977,7770
1027,AL,Clay,2.894879682,0,6.260177311,29.92581871,14.5648634,4.070924552,1.302695857,4.070924552,32.56739642,4.342319522,5527
1029,AL,Cleburne,4.310495882,0,12.5284738,21.42982302,13.87769406,4.573330997,0.578237253,3.942526722,33.88820746,4.871210794,5707
1031,AL,Coffee,2.962523394,0.406262838,5.267722646,11.9505181,12.69913726,8.700415392,1.15031725,3.761354818,43.56598348,9.535764824,21907
1033,AL,Colbert,0.994218641,0.183952348,7.152242467,19.44639103,14.91327961,6.21058164,1.182550806,4.095129643,42.04625088,3.775402943,22832
1035,AL,Conecuh,5.245746692,0.448960303,5.552930057,18.50189036,19.58884688,8.648393195,1.819470699,5.741965974,26.65406427,7.797731569,4232
1037,AL,Coosa,0.309376487,0.832936697,10.39980961,21.63255593,12.04188482,7.425035697,0.809138506,5.235602094,36.64921466,4.664445502,4202
1039,AL,Covington,3.488058292,2.516529483,7.461880988,15.45675347,13.22358656,9.094589124,1.106463365,3.434084469,39.32667656,4.891377682,14822
1041,AL,Crenshaw,5.04587156,0.476358504,7.727593507,18.52505293,16.44318984,5.504587156,0.829216655,4.128440367,33.76852505,7.551164432,5668
1043,AL,Cullman,1.861049433,0.169451911,10.18756574,17.06205446,16.40177632,6.480074793,0.671964474,3.920766624,40.24190721,3.003389038,34228
1045,AL,Dale,1.656107591,0.39457597,7.019006335,10.8702901,19.02856508,10.67022341,0.527953762,3.184394798,39.01856174,7.630321218,17994
1047,AL,Dallas,1.526451523,0.216073047,5.827002161,25.94967589,12.63678818,5.6666899,0.752770614,3.770823169,37.72217188,5.931553635,14347
1049,AL,DeKalb,2.675528864,0.03373933,6.933432302,27.60551975,13.25955667,6.75123992,1.157259017,3.829413948,33.99574884,3.758561355,29639
1051,AL,Elmore,0.944997074,0.298420129,6.667641896,11.47162083,14.11351668,4.663545933,1.357519017,5.204798128,43.3323581,11.94558221,34180
1053,AL,Escambia,1.775379321,0.375410605,7.47692789,16.19740341,15.2588769,5.373064289,0.524010637,3.496011262,40.77897701,8.743938683,12786
1055,AL,Etowah,0.436107855,0.077373974,5.974208675,18.98241501,14.56506448,4.764361079,1.538100821,4.196951934,44.28135991,5.184056272,42650
1057,AL,Fayette,1.704276472,1.136184314,4.623638946,24.71200884,17.4530535,6.454158119,1.562253432,3.187628215,36.01073063,3.15606754,6337
1059,AL,Franklin,1.783489097,0.210280374,8.769470405,31.45638629,11.25389408,3.792834891,2.897196262,3.232087227,33.13084112,3.473520249,12840
1061,AL,Geneva,3.856615504,0.592578201,8.733242666,15.74703711,15.33903245,8.616669905,0.786866136,3.74975714,37.05070915,5.527491743,10294
1063,AL,Greene,2.879799666,0,8.388981636,29.29883139,7.303839733,2.170283806,0.751252087,7.262103506,31.71953255,10.22537563,2396
1065,AL,Hale,4.052287582,0.149393091,6.666666667,18.50606909,14.08029879,4.089635854,0.074696545,2.931839402,46.16246499,3.286647993,5355
1067,AL,Henry,4.624277457,0.231213873,3.973988439,14.52312139,16.84971098,10.14450867,1.517341041,3.612716763,42.71676301,1.806358382,6920
1069,AL,Houston,1.417496732,0.04732501,5.708297652,9.223869834,18.2449182,7.779330238,1.372425294,3.923468698,47.73966737,4.543200974,44374
1071,AL,Jackson,1.238207547,0.103183962,7.999213837,28.23801101,12.42629717,5.046187107,0.70754717,3.400157233,37.19044811,3.650746855,20352
1073,AL,Jefferson,0.149511138,0.456402421,4.987311226,9.413627809,13.680597,5.446336649,2.192502148,8.198849813,51.3833059,4.0915559,304994
1075,AL,Lamar,2.631578947,0.839054157,7.151029748,24.29443173,9.801678108,5.8733791,1.029748284,4.996186118,36.95652174,6.426392067,5244
1077,AL,Lauderdale,0.766996798,0.091841041,6.763968526,13.94494502,16.40727778,6.80120138,1.097128106,4.229652245,46.24816938,3.648819719,40287
1079,AL,Lawrence,1.92044998,0.104459622,7.834471675,24.94977903,13.40297308,7.617517075,0.948171957,3.91321816,35.97428686,3.334672559,12445
1081,AL,Lee,0.333021265,0.184566002,5.389862244,13.2553163,12.12384646,4.214257055,1.47117828,7.252908921,52.02353885,3.751504614,74770
1083,AL,Limestone,0.886200938,0.098741052,8.29671686,18.48185633,13.96445322,4.532214268,1.283633671,3.32016786,42.50555418,6.630461614,40510
1085,AL,Lowndes,4.606413994,0.787172012,6.588921283,22.56559767,14.69387755,6.12244898,0.204081633,2.303206997,36.85131195,5.27696793,3430
1087,AL,Macon,1.203284258,0.835220838,3.553227633,14.31200453,11.76387316,4.841449604,0.36806342,2.236693092,54.5583239,6.32785957,7064
1089,AL,Madison,0.561302357,0.067831101,4.93188627,11.1062122,12.51031598,3.254762309,1.968797694,3.735232604,52.79407608,9.069583404,176910
1091,AL,Marengo,6.299793449,0.059014459,5.591619947,15.2257303,10.96193567,6.845677191,1.858955444,4.116258483,41.44290351,7.598111537,6778
1093,AL,Marion,1.72981183,0.852248755,7.442409923,21.82938149,12.78373133,6.539532529,0.067504852,5.830731584,37.40612607,5.518521644,11851
1095,AL,Marshall,1.913607022,0.290868267,9.289924221,22.81274717,13.47434491,5.330033424,1.671216799,3.727706478,38.00168397,3.487867732,39193
1097,AL,Mobile,0.512838144,0.470435884,7.391745311,12.34077665,14.82130885,5.971842607,1.287538893,5.179951753,48.25090678,3.772655126,174519
1099,AL,Monroe,3.113809746,0.498209559,6.196481395,18.35590845,18.13794177,5.418028958,1.245523899,2.81799782,39.17172661,5.044371789,6423
1101,AL,Montgomery,0.316790908,0.011879659,4.067793254,11.36784374,12.99436706,4.428142912,1.346361359,5.944779385,48.97191451,10.55012721,101013
1103,AL,Morgan,0.549101208,0.040460089,8.344411691,20.54987188,14.34791823,4.092249003,1.337109608,3.905361925,42.74126736,4.092249003,51903
1105,AL,Perry,2.255931544,0,3.150525088,9.334889148,13.96343835,8.790353948,0,0.661221315,55.46479969,6.378840918,2571
1107,AL,Pickens,3.334758444,0,10.00427533,19.4955109,14.90665527,8.080376229,1.068832835,2.208921191,34.47342169,6.427248112,7017
1109,AL,Pike,1.643796455,0.171526587,5.08862207,13.05746141,17.93882218,5.574614065,1.272155517,5.34591195,45.06146369,4.845626072,13992
1111,AL,Randolph,2.647193063,0,7.701962574,26.06115929,11.86672752,5.693747147,1.688726609,5.180282976,34.81287084,4.347329986,8764
1113,AL,Russell,1.122120596,0.088922764,5.640243902,13.48661924,14.52405149,4.124322493,1.681063686,6.686144986,43.92784553,8.718665312,23616
1115,AL,St. Clair,0.270080765,0.805048433,10.65520555,15.86724492,16.32949853,5.70026229,1.485444205,5.058820474,39.43958241,4.388812424,38507
1117,AL,Shelby,0.442722227,0.432426361,6.202791116,7.841705744,14.66786473,6.022145471,2.291298122,10.87711416,47.58374751,3.638184558,106839
1119,AL,Sumter,2.3304591,0.186436728,4.311349336,11.83873223,13.44674901,4.754136565,1.305057096,3.542297833,50.92053134,7.364250757,4291
1121,AL,Talladega,1.209651543,0.555092088,6.750946544,21.39190143,13.70403645,7.296412758,1.132644549,4.431110826,37.70454983,5.823653982,31166
1123,AL,Tallapoosa,1.322838812,0.443151002,9.696408493,20.56352933,10.28507176,5.873404326,0.687876182,4.127257094,42.24485746,4.75560553,15119
1125,AL,Tuscaloosa,0.432382803,0.767612927,6.694993968,14.64870232,12.63838919,4.30140818,1.680421066,4.475428913,51.08309223,3.277568407,93667
1127,AL,Walker,0.798722045,4.243466863,7.544851315,11.90710248,15.46653559,6.426640452,1.323011387,4.349963136,43.88056033,4.059146391,24414
1129,AL,Washington,3.314224292,1.379433895,11.69831602,20.10032247,10.83840917,5.840200645,0.483697599,3.314224292,40.00358295,3.027588678,5582
1131,AL,Wilcox,5.275459099,1.502504174,8.146911519,14.79131886,9.849749583,8.948247079,0.367278798,2.337228715,41.16861436,7.612687813,2995
1133,AL,Winston,1.403508772,0.921052632,9.057017544,19.57236842,17.12719298,10.88815789,1.184210526,2.653508772,34.17763158,3.015350877,9120
2000,AK,Alaska,1.760338611,2.970894892,6.729370223,3.784066664,12.78962775,8.334148039,2.087562613,3.525565453,46.35970487,11.65872089,347774
2010,AK,Aleutian Islands,0,0,0,0,0,0,0,0,0,0,0
2013,AK,Aleutians East,12.79271466,0,2.081526453,47.52818734,3.469210755,4.032957502,0.130095403,1.734605377,16.78230703,11.44839549,2306
2016,AK,Aleutians West,1.331592689,0.44386423,8.224543081,32.55874674,12.95039164,14.59530026,0.626631854,1.331592689,18.82506527,9.112271541,3830
2020,AK,Anchorage,0.366164261,2.267921444,5.277629526,2.388850231,13.78655731,8.657555347,2.385472332,4.241290087,50.39757872,10.23098074,148021
2050,AK,Bethel,0.640717604,1.361524908,4.757328208,1.361524908,11.90132949,10.92423514,1.393560788,1.826045171,47.73346148,18.10027231,6243
2060,AK,Bristol Bay,4.700854701,8.333333333,5.555555556,1.068376068,6.196581197,17.73504274,2.991452992,3.418803419,33.97435897,16.02564103,468
2068,AK,Denali,0,5.437665783,3.912466844,1.591511936,9.018567639,28.44827586,0.862068966,1.061007958,44.42970822,5.238726791,1508
2070,AK,Dillingham,2.955665025,0.197044335,2.857142857,0.049261084,12.51231527,7.339901478,0.935960591,3.251231527,54.97536946,14.92610837,2030
2090,AK,Fairbanks North Star,0.911326804,2.762527999,8.234880759,1.581097106,13.28999956,7.74517985,2.220123853,3.575036234,46.10654838,13.57327946,45538
2100,AK,Haines,2.116850127,0.508044031,9.144792549,3.725656224,11.26164268,3.979678239,1.693480102,4.149026249,52.07451312,11.34631668,1181
2105,AK,Hoonah-Angoon,6.504854369,6.116504854,7.087378641,9.805825243,8.252427185,8.640776699,1.553398058,1.067961165,34.36893204,16.60194175,1030
2110,AK,Juneau ,2.813448517,2.299789867,5.813681999,3.163670325,8.475367733,8.201027317,2.422367499,4.278543077,39.51669391,23.01540976,17132
2122,AK,Kenai Peninsula,3.069447736,5.570040294,7.537331121,3.816070159,12.04471834,6.684048353,1.501145611,2.946985858,47.79568618,9.034526349,25314
2130,AK,Ketchikan Gateway,3.738055087,0.252951096,7.152894885,4.862282181,15.35975267,11.52332771,1.981450253,5.494659921,39.85385048,9.780775717,7116
2150,AK,Kodiak Island,6.766467066,0.134730539,5.149700599,21.12275449,10.08982036,6.19760479,0.628742515,1.422155689,37.3502994,11.13772455,6680
2158,AK,Kusilvak,1.186131387,5.200729927,3.239051095,5.063868613,10.35583942,7.755474453,1.596715329,1.414233577,42.19890511,21.98905109,2192
2164,AK,Lake and Peninsula,5.053598775,3.062787136,3.82848392,6.125574273,5.359877489,8.882082695,0.612557427,1.071975498,42.87901991,23.12404288,653
2170,AK,Matanuska-Susitna,1.384130465,3.346123978,11.86103878,2.418802248,14.15193459,6.938924672,2.382257549,3.078890868,45.60093189,8.836964963,43782
2180,AK,Nome,0.35201733,1.353912808,2.734903872,3.03276469,8.583807203,8.692120228,0.622799892,1.705930138,53.64202545,19.27971839,3693
2185,AK,North Slope,0.314581791,24.64840859,5.255366395,9.437453738,4.348630644,11.15840118,0.14803849,1.073279053,30.73649149,12.87934863,5404
2188,AK,Northwest Arctic,0.610920199,5.727376861,3.550973654,2.710958381,7.789232532,9.774723177,1.183657885,2.290950745,49.86636121,16.49484536,2619
2195,AK,Petersburg,24.68239564,0.665456745,5.323653963,11.37326074,13.67211131,3.992740472,1.330913491,0.907441016,32.06291591,5.989110708,1653
2198,AK,Prince of Wales-Hyder,10.89720305,1.053396295,6.102433709,6.46567381,10.53396295,8.49981838,0.544860153,2.10679259,38.53977479,15.25608427,2753
2201,AK,Prince of Wales-Outer Ketchikan,0,0,0,0,0,0,0,0,0,0,0
2220,AK,Sitka ,8.144307626,1.209764528,4.774249298,5.227910996,11.55757183,6.91294016,1.382588032,2.80838194,48.45538993,9.526895658,4629
2230,AK,Skagway,0.406504065,0,6.097560976,5.691056911,15.31165312,16.2601626,0.27100271,1.89701897,46.74796748,7.317073171,738
2232,AK,Skagway-Hoonah-Angoon,0,0,0,0,0,0,0,0,0,0,0
2240,AK,Southeast Fairbanks,3.605855052,7.961442342,11.53159586,3.498750446,11.96001428,6.783291682,1.642270618,3.213138165,34.73759372,15.06604784,2801
2261,AK,Valdez-Cordova,11.1432109,0.866694181,5.489063145,4.127115147,14.85761453,9.492364837,4.023937268,2.228642179,35.41064796,12.36070986,4846
2275,AK,Wrangell ,11.15207373,0.552995392,7.926267281,6.451612903,15.02304147,5.069124424,2.857142857,3.225806452,38.70967742,9.032258065,1085
2280,AK,Wrangell-Petersburg,0,0,0,0,0,0,0,0,0,0,0
2282,AK,Yakutat ,14.15929204,0,5.309734513,4.719764012,11.79941003,10.02949853,0.589970502,0.884955752,20.3539823,32.15339233,339
2290,AK,Yukon-Koyukuk,0.867579909,4.200913242,5.388127854,4.520547945,7.305936073,11.64383562,1.050228311,0.319634703,43.60730594,21.09589041,2190
4000,AZ,Arizona,0.906646462,0.461149062,6.936273461,7.01660801,14.38247167,5.306743822,1.80674478,8.404047967,49.95256588,4.826748882,3130658
4001,AZ,Apache,1.788043478,1.081521739,9.02173913,2.016304348,9.684782609,7.60326087,0.668478261,3.184782609,53.50543478,11.44565217,18400
4003,AZ,Cochise,2.239488117,0.498171846,6.766453382,3.512340037,12.9547532,4.488117002,1.400822669,4.19332724,47.4428702,16.50365631,43760
4005,AZ,Coconino,1.132894343,0.206524993,5.178090392,6.408261,11.56988925,4.738102365,1.011673152,3.681532475,60.23495959,5.838072433,66820
4007,AZ,Gila,2.032629045,5.825086922,8.938218775,4.236426852,11.96041722,4.487830971,1.342604975,4.658999733,48.59588125,7.921904253,18695
4009,AZ,Graham,2.938034188,9.653540904,7.516788767,4.342185592,16.52167277,3.083028083,1.411782662,3.449328449,43.58211233,7.501526252,13104
4011,AZ,Greenlee,2.144702842,38.70801034,7.416020672,1.757105943,9.948320413,2.790697674,0.258397933,1.395348837,31.67958656,3.901808786,3870
4012,AZ,La Paz,10.51948052,0.698051948,4.691558442,5.146103896,17.22402597,5.746753247,1.152597403,2.224025974,42.04545455,10.55194805,6160
4013,AZ,Maricopa,0.434818767,0.155689584,7.077300362,7.434322688,14.56418037,5.526351671,1.993551937,10.00484475,49.11266607,3.696273797,2068218
4015,AZ,Mohave,0.547084956,0.327702517,6.947567597,5.995996271,16.14517633,5.849284265,1.605605221,5.344704656,52.00323589,5.233642297,72932
4017,AZ,Navajo,1.726769415,1.418524615,8.047284154,2.857997905,14.55633697,6.413287446,1.33772258,4.267544516,50.27682179,9.097710609,33415
4019,AZ,Pima,0.491954219,0.610686339,6.527354312,6.692459166,13.41672958,4.377854891,1.633350732,5.763884377,54.55158463,5.934141757,446383
4021,AZ,Pinal,1.986083474,1.013320828,6.270041445,8.584392705,14.80373642,5.247848515,1.375809579,6.886018834,46.52657195,7.306176251,157798
4023,AZ,Santa Cruz,0.716657927,0.873973082,6.193555905,4.795198975,21.74445027,11.43156791,0.833187671,4.498048127,40.73297209,8.180388044,17163
4025,AZ,Yavapai,0.816702068,1.578881607,7.927348728,5.610141191,15.21178595,4.435635017,1.593648125,4.690073492,53.35938299,4.776400832,88037
4027,AZ,Yuma,11.4369656,0.249002016,6.106478005,4.561084542,14.49876816,4.619053265,1.023674954,3.906301464,43.47522496,10.12344703,75903
5000,AR,Arkansas,2.378844487,0.43168724,6.660273573,13.68050388,15.67660665,5.739054385,1.499129261,4.732679192,44.7515516,4.449669733,1303490
5001,AR,Arkansas,8.875890132,0,5.467955239,21.12156663,14.6871821,5.798575788,1.119023398,3.802136317,33.63428281,5.493387589,7864
5003,AR,Ashley,8.311954849,0.487429451,8.183683941,19.06105695,13.66085172,5.887634685,0.679835813,1.244227809,38.34017445,4.143150334,7796
5005,AR,Baxter,1.003052769,0.211824808,5.968475484,18.16086225,16.29804997,2.884555479,1.457853093,5.015263847,46.54538658,2.454675721,16051
5007,AR,Benton,1.131101437,0.254266672,7.391455099,14.15340756,24.82336171,5.492930616,0.839080017,4.6692607,39.10082059,2.144315599,129785
5009,AR,Boone,2.862619018,0.333869173,6.788673179,11.92036602,13.75664647,12.71175961,1.743539013,5.162606653,41.93149499,2.788425869,16174
5011,AR,Bradley,11.29308238,0.58665363,8.653141041,18.03959912,10.85309215,2.859936446,1.711073087,3.593253483,36.44585676,5.964311904,4091
5013,AR,Calhoun,4.78446234,2.88962577,9.047844623,17.57460919,9.000473709,6.821411653,1.847465656,3.789673141,36.61771672,7.626717196,2111
5015,AR,Carroll,7.200532756,0.283026721,8.207774911,20.75251811,11.50420378,4.952967618,2.222592192,4.328643969,38.08374261,2.463997336,12013
5017,AR,Chicot,7.343083486,0,5.545399147,17.85496648,10.6337599,2.985984156,0.822669104,2.8031688,41.80377818,10.20719074,3282
5019,AR,Clark,2.789598109,0.066193853,5.323877069,11.14893617,13.35224586,5.787234043,0.822695036,2.193853428,55.18676123,3.328605201,10575
5021,AR,Clay,10.20184635,0.187764043,5.86762635,13.67548115,15.77217963,7.072445627,0.625880144,3.677045846,39.71209513,3.207635738,6391
5023,AR,Cleburne,1.774287376,1.347682761,10.43242195,14.73725034,13.61256545,5.739771185,0.736862517,4.314523948,45.14252472,2.162109754,10314
5025,AR,Cleveland,5.619078732,0,5.71708592,17.60862463,12.64292715,7.481215289,0.68605031,6.762495916,36.00130676,7.481215289,3061
5027,AR,Columbia,2.146690519,1.900715564,3.555456172,17.76610018,16.80456172,5.780411449,0.614937388,3.376565295,46.55635063,1.498211091,8944
5029,AR,Conway,4.749635936,1.579477988,8.435084575,15.9852134,12.1653411,8.838355551,1.691497704,2.486837683,38.1091072,5.959448863,8927
5031,AR,Craighead,2.089990153,0.188902956,7.264725387,14.28025964,15.22879363,3.687626856,1.408733747,4.871284741,48.02757179,2.952111091,49761
5033,AR,Crawford,1.025306248,0.618255827,6.136477094,19.2734534,16.37033908,7.603394647,1.463077455,4.377712069,39.86406052,3.267923659,26041
5035,AR,Crittenden,2.737731178,0.063103733,4.257074899,11.40235911,16.8389884,10.60142712,1.859133052,3.111499442,45.3278967,3.80078637,20601
5037,AR,Cross,6.835476253,0.183678825,7.701390711,8.055628444,19.15507741,9.065861979,0.537916557,4.775649436,38.17895565,5.510364734,7622
5039,AR,Dallas,3.963414634,0,3.489159892,25.40650407,5.521680217,9.552845529,0.338753388,3.150406504,37.70325203,10.87398374,2952
5041,AR,Desha,11.83431953,0.043830813,3.79136533,13.47797502,16.04207758,4.010519395,0.767039229,3.418803419,36.35765943,10.25641026,4563
5043,AR,Drew,4.255587827,0.202045713,7.336784948,12.64048491,12.46369491,2.27301427,0.467230711,3.561055689,47.64490466,9.155196363,7919
5045,AR,Faulkner,0.77092511,0.834595264,6.881539097,8.753785793,15.83321861,5.09877478,2.278359031,5.344851322,50.61433095,3.589620044,58112
5047,AR,Franklin,3.038467295,1.601556653,9.145337524,18.21583595,14.89298009,6.735518635,0.434066757,4.625056129,36.14728334,5.16389762,6681
5049,AR,Fulton,2.673534462,0,9.663968604,8.094186902,14.7412313,6.990434143,0.294334069,4.88103998,48.39342654,4.267844003,4077
5051,AR,Garland,0.88304505,0.269280221,8.641226559,8.398631765,16.05977536,2.949952694,1.948036195,5.66216249,50.9085175,4.279372165,41221
5053,AR,Grant,3.260309278,0.541237113,9.278350516,14.34278351,13.17010309,8.466494845,1.043814433,4.12371134,41.43041237,4.342783505,7760
5055,AR,Greene,3.432652844,0.133255157,7.808752199,21.91247801,13.62933746,5.671339481,0.565001866,4.093598422,40.54687916,2.2067054,18761
5057,AR,Hempstead,4.740724669,0.54241701,6.693425906,20.48166631,12.59492298,5.011933174,0.347146887,2.907355175,42.12410501,4.556302886,9218
5059,AR,Hot Spring,1.767349737,0.327569132,8.49394378,14.32162718,17.03359488,4.410756456,0.639902491,4.441228003,43.98567837,4.578349966,13127
5061,AR,Howard,10.05177647,0.232101411,5.677557579,29.63756472,11.80146402,4.570612391,2.981610427,1.196214962,30.78021782,3.0708802,5601
5063,AR,Independence,2.892717897,1.012451264,5.15029556,21.1357062,12.16828072,5.169161112,1.320588605,3.402087788,43.9190039,3.829706955,15902
5065,AR,Izard,4.063492064,0.804232804,6.116402116,14.85714286,10.8994709,3.576719577,1.396825397,2.560846561,46.05291005,9.671957672,4725
5067,AR,Jackson,8.69722122,0.162396247,7.560447492,15.49981956,17.46661855,6.17105738,0.920245399,3.464453266,33.83255143,6.225189462,5542
5069,AR,Jefferson,0.987030873,0.263973373,3.695627224,16.85603887,12.12747236,5.267990359,0.845479934,4.453116034,44.27101266,11.23225831,26139
5071,AR,Johnson,2.622511486,1.579249617,4.240045942,24.94257274,16.10834609,6.144716692,0.95712098,3.598774885,35.17419602,4.632465544,10448
5073,AR,Lafayette,9.518120271,2.469135803,7.367582636,15.61131024,13.42094783,5.177220231,0.876144962,3.345280765,34.60772601,7.606531262,2511
5075,AR,Lawrence,6.318181818,0.212121212,6.227272727,13.78787879,15.22727273,10.06060606,0.575757576,2.439393939,39.43939394,5.712121212,6600
5077,AR,Lee,12.68817204,0,5.197132617,11.7921147,13.33333333,5.985663082,0.107526882,3.620071685,37.70609319,9.569892473,2790
5079,AR,Lincoln,5.671548769,0.218136491,5.640386413,14.61514491,13.21283889,4.830165161,2.306014335,5.204113431,36.67809286,11.62355874,3209
5081,AR,Little River,4.028484232,0.447609359,7.080366226,20.89521872,12.91963377,5.00508647,0.22380468,2.848423194,40.69175992,5.859613428,4915
5083,AR,Logan,4.823932001,1.236339552,6.027155315,22.04437576,13.03675902,5.729109173,1.335688266,3.03565515,38.38171984,4.349265923,9059
5085,AR,Lonoke,2.247605011,0.20572341,7.390690248,8.192090396,16.53463522,7.541144682,2.032670106,6.530950626,41.39339229,7.93109801,32568
5087,AR,Madison,7.177105184,0.599340725,10.81810009,15.44800719,14.2942763,3.670961942,2.277494756,2.846868445,38.08810309,4.779742284,6674
5089,AR,Marion,2.907381616,0.104456825,3.325208914,27.41991643,16.0689415,3.568941504,1.61908078,4.056406685,34.57520891,6.354456825,5744
5091,AR,Miller,1.646807554,0.56205036,5.997077338,14.65827338,17.91254496,4.726843525,1.601843525,5.210206835,41.94019784,5.744154676,17792
5093,AR,Mississippi,4.768211921,0.178520012,3.979268644,26.97379787,12.70371437,5.107975813,2.464727901,2.723869853,36.61387849,4.486035128,17365
5095,AR,Monroe,7.656145064,0,5.339153795,16.31967764,15.84956347,7.891202149,0.134318335,2.652787105,36.36668905,7.790463398,2978
5097,AR,Montgomery,10.66830166,1.686082158,11.61863887,8.645003066,11.4040466,6.683016554,0.766400981,2.207234825,40.64990803,5.671367259,3262
5099,AR,Nevada,7.52184769,0.811485643,4.837702871,16.07365793,10.70536829,5.024968789,0,2.84019975,48.59550562,3.589263421,3204
5101,AR,Newton,5.211952745,0,11.36205698,11.50104239,9.902710215,7.088255733,0.868658791,6.60180681,40.58373871,6.879777623,2878
5103,AR,Ouachita,1.328133235,0.864340677,5.101718141,21.50310952,11.90049541,8.042584589,0.695688837,3.014651629,40.77158217,6.777695794,9487
5105,AR,Perry,7.03928289,0,12.10123912,12.65489059,15.81861323,5.641972054,1.291853414,2.34642763,36.88373319,6.221987872,3793
5107,AR,Phillips,8.870005963,0,4.323196184,9.958258796,16.39833035,5.635062612,0.298151461,2.385211688,46.70542636,5.426356589,6708
5109,AR,Pike,8.895638967,0.390540247,6.791060968,16.85832068,12.17183771,5.576046865,1.323497505,3.666738989,39.4228683,4.903449772,4609
5111,AR,Poinsett,8.028973679,0.030605999,9.222607631,17.96572128,13.76249745,6.100795756,1.132421955,2.846357886,37.5025505,3.407467864,9802
5113,AR,Polk,6.184995146,1.012342255,7.377617529,16.46096242,13.53487727,4.437664679,0.152544723,2.870614339,44.4321176,3.536264041,7211
5115,AR,Pope,2.235179786,0.695223144,6.529864693,15.04447933,14.27076325,7.154070419,0.96807954,4.851610974,45.59692009,2.653808776,26754
5117,AR,Prairie,12.23188406,0.115942029,6.52173913,11.97101449,12.20289855,9.768115942,0.724637681,4.84057971,36.26086957,5.362318841,3450
5119,AR,Pulaski,0.309985777,0.090118457,5.24587138,7.078099043,14.28377542,5.192126036,2.868047035,6.925549125,51.37674944,6.629678288,184202
5121,AR,Randolph,6.780389908,0.731077982,7.540137615,17.20183486,13.74713303,8.77293578,0.157683486,2.365252294,39.22018349,3.48337156,6976
5123,AR,St. Francis,5.174432217,0.187309764,6.953874971,14.80917818,15.52329665,8.335284477,0.959962538,3.418403184,38.17607118,6.462186842,8542
5125,AR,Saline,0.468010608,0.161203654,6.97162469,8.490059108,16.33357023,5.217451596,2.204849977,6.077204417,48.38363003,5.692395694,57691
5127,AR,Scott,7.025013305,0.824906865,5.215540181,28.17988292,9.872272485,3.352847259,0,4.151144226,36.82810005,4.550292709,3758
5129,AR,Searcy,3.422667097,0.452050371,8.169195996,13.43235389,16.72586374,5.90894414,0,4.778818211,42.26670972,4.843396836,3097
5131,AR,Sebastian,0.972144652,1.036721586,6.325048869,17.37468584,14.62056688,6.766615471,1.385786093,4.087545378,45.12007819,2.310807037,57296
5133,AR,Sevier,6.895611883,0.626873808,10.26165168,29.94003816,12.74189152,4.578904334,0.122649223,1.826110657,30.49877351,2.50749523,7338
5135,AR,Sharp,4.968944099,0.335739466,6.177606178,14.36964915,14.8396844,5.220748699,1.527614571,4.331039114,42.80678194,5.422192379,5957
5137,AR,Stone,8.528501989,3.601414052,12.17410517,6.274856385,11.93106496,3.35837384,1.369863014,2.297834733,44.41007512,6.053910738,4526
5139,AR,Union,1.385503528,1.30853111,6.273252085,16.50416934,13.6690186,5.837075048,1.257216164,5.984605516,44.44515715,3.335471456,15590
5141,AR,Van Buren,2.804232804,1.869488536,9.065255732,7.019400353,13.9329806,8.395061728,0.052910053,3.791887125,47.84832452,5.220458554,5670
5143,AR,Washington,1.034454891,0.098776075,7.28787838,14.07828453,15.04090227,5.188437812,1.231109076,4.382065857,48.71456408,2.943527024,111363
5145,AR,White,1.400055878,1.294508428,6.127960761,11.46741999,15.08707665,7.950206438,0.990283426,4.231211002,48.73808711,2.713190327,32213
5147,AR,Woodruff,12.28797588,0,5.239351677,10.21485111,17.52732755,5.540897098,0.263852243,5.390124388,39.16321146,4.372408594,2653
5149,AR,Yell,6.140832693,0.285620125,7.865538833,22.80566846,13.70976601,6.723058332,0.472371746,3.328572998,35.5487202,3.119850599,9103
6000,CA,California,2.088660999,0.146504475,6.32143922,9.105470689,13.3192292,5.346157365,2.903566255,6.008065841,50.324037,4.436868954,18591241
6001,CA,Alameda,0.308192137,0.054611925,5.331793532,9.803246337,11.36032391,5.121694152,3.547919935,6.06308315,54.95374219,3.455392725,862449
6003,CA,Alpine,7.580174927,0,6.705539359,2.623906706,10.49562682,5.247813411,2.915451895,1.457725948,52.47813411,10.49562682,343
6005,CA,Amador,4.068788877,1.068422978,7.822905232,4.295645811,12.75521405,5.810464691,2.019758507,4.420051226,46.88620563,10.85254299,13665
6007,CA,Butte,3.873250429,0.158176804,6.020084292,6.794318123,14.99141475,3.714032988,1.821114522,5.018991623,52.89661273,4.712003746,96095
6009,CA,Calaveras,2.810195669,0.569006561,10.77628752,8.494455089,11.89688208,5.335888057,1.840562039,4.703013412,45.24763398,8.326075597,17223
6011,CA,Colusa,26.24845233,0.412711515,4.78745357,11.63846471,12.36070986,4.632686752,0.257944697,2.424680149,32.87247214,4.364424267,9692
6013,CA,Contra Costa,0.493773308,0.171265325,7.150237948,6.483054029,12.4070823,5.518926785,2.511414709,8.252378586,52.90239307,4.10947394,559366
6015,CA,Del Norte,4.359400998,0.077648364,5.135884637,4.381586245,11.81364393,1.552967277,0.998336107,2.795341098,51.44758735,17.43760399,9015
6017,CA,El Dorado,1.200925959,0.170385777,8.014006886,6.984641779,12.52041692,4.27257024,1.840166391,7.386517197,50.42008907,7.190279785,85101
6019,CA,Fresno,9.559987338,0.134229506,5.909779123,6.840551543,13.75349377,5.33163522,1.254199273,4.599875832,46.43727409,6.17897431,407511
6021,CA,Glenn,22.04096108,0.177320685,5.514673287,8.954694565,13.92853976,6.702721873,0.416703609,1.720010639,35.52619913,5.01817537,11279
6023,CA,Humboldt,4.925036273,0.133806223,6.94986297,4.383362889,16.48879574,3.379010156,1.442850234,4.146380784,51.10108012,7.049814606,62030
6025,CA,Imperial,9.203648833,0.331258115,5.676332523,3.722076106,15.0930519,6.844891301,0.845623731,3.45407331,45.47225089,9.356793288,60074
6027,CA,Inyo,4.200048556,0.254916242,10.52439913,2.889050741,11.9689245,8.011653314,1.565914057,4.151493081,46.54042243,9.893177956,8238
6029,CA,Kern,12.22117078,3.605526358,7.007235511,5.310020527,13.26296787,5.870809009,1.043835258,3.507111765,41.47913057,6.692192345,343445
6031,CA,Kings,14.4537568,0.292236436,3.738420821,7.15703573,12.34009704,5.1628437,0.880385238,2.663211293,39.88200265,13.43001029,54408
6033,CA,Lake,5.760368664,0.176925609,8.928571429,4.814022383,13.56978275,5.106155365,1.452435813,4.106319947,48.55167874,7.533739302,24304
6035,CA,Lassen,6.166531181,0.371617698,5.678782952,1.939379863,8.976890024,3.170363489,1.289048891,2.508419464,36.8482174,33.05074904,8611
6037,CA,Los Angeles,0.385710516,0.062638658,5.933369751,9.273361146,13.52970661,6.073089658,4.452354964,6.011100106,51.00746207,3.271206522,4929863
6039,CA,Madera,15.02196746,0.027459326,8.349351273,9.282968353,11.94823917,4.65092332,1.199629299,4.101736802,41.03624631,4.381478685,58268
6041,CA,Marin,0.618752247,0.092545144,5.778335258,4.898773968,11.7119322,2.841365385,3.726280527,10.34975946,56.80895164,3.173304168,130747
6043,CA,Mariposa,2.102870134,0.554134697,5.498721228,4.333617505,11.31003126,3.623188406,1.150895141,2.600170503,58.48252344,10.34384768,7038
6045,CA,Mendocino,6.261773992,0.074292234,8.657698533,6.895911274,15.73934039,2.918623471,1.345220091,4.017087214,47.88134469,6.208708111,37689
6047,CA,Merced,12.83731652,0.080012955,7.110675062,11.29135193,14.40042674,5.882857225,0.914433766,2.920472839,40.11030357,4.452149396,104983
6049,CA,Modoc,21.64355766,0.87926953,3.009807237,1.014541765,10.82177883,2.806898884,0.608725059,2.840716943,46.80419344,9.570510653,2957
6051,CA,Mono,2.317483189,0.012007685,7.240634006,2.785782901,9.666186359,2.22142171,1.164745437,6.736311239,64.57732949,3.278097983,8328
6053,CA,Monterey,17.3242483,0.100155561,6.556992776,5.117522961,12.03464956,3.49478978,1.339846996,3.5629808,45.28469751,5.184115754,187708
6055,CA,Napa,5.347127536,0.136348941,6.089315585,13.11480019,12.66358359,3.442459341,1.121716029,4.824222319,49.54808057,3.712345905,71141
6057,CA,Nevada,1.187044645,0.267822692,8.985678295,5.830817767,13.52504596,4.428153158,1.600127102,5.669670215,52.71340702,5.792233142,44059
6059,CA,Orange,0.526206371,0.069717006,5.860310988,12.24318548,13.91231108,3.674902695,1.977701864,8.567089428,50.30973821,2.858836882,1592151
6061,CA,Placer,0.677975606,0.044861909,7.079770083,6.134305341,14.11187439,4.463199215,2.120846769,8.351044441,49.70307024,7.313052012,178325
6063,CA,Plumas,4.616578301,0.349152981,11.06944265,6.181300918,9.414198888,5.146773568,1.03452735,2.96133454,50.58838743,8.638303375,7733
6065,CA,Riverside,1.356399615,0.066425624,8.967846512,8.488439424,15.51599928,6.59511549,1.408397516,5.034597486,47.73252357,4.834255481,1032734
6067,CA,Sacramento,0.787047096,0.051409428,6.536240096,5.483766976,13.51343675,5.74266031,1.707588287,7.022073391,48.56089106,10.59488661,704151
6069,CA,San Benito,6.566258902,0.337342829,11.43558115,12.93488261,14.96575459,5.005622381,1.172181143,3.823218728,39.51340853,4.24574914,29347
6071,CA,San Bernardino,0.574731497,0.1329668,7.528807651,8.484834568,16.1355649,10.06851727,1.216274437,4.641591053,45.86687574,5.349836088,914514
6073,CA,San Diego,0.729575536,0.037325364,6.018006813,9.206461505,12.70818489,4.076521402,2.153352485,6.164601708,53.84073588,5.065234413,1588732
6075,CA,San Francisco,0.173256594,0.014708663,3.255963217,5.241441755,10.59654136,4.208396928,6.102376118,8.58775819,58.54831223,3.271244945,523501
6077,CA,San Joaquin,4.446729623,0.075048942,8.527475897,9.497044349,15.21321883,8.662883348,1.342897017,4.72169617,42.44640388,5.066601944,313129
6079,CA,San Luis Obispo,2.837202591,0.335664761,8.097722492,7.120345689,13.51999939,4.421357999,1.61757,4.706900873,51.7994517,5.543784506,131679
6081,CA,San Mateo,0.472336147,0.024352195,5.158566548,7.803070306,11.17813993,5.717461489,4.555548322,7.585588323,54.25403921,3.250897535,414747
6083,CA,Santa Barbara,8.783815441,0.321873331,5.763734668,6.817904965,11.40612262,3.037884538,1.846906362,4.643503031,53.28245205,4.095802997,213438
6085,CA,Santa Clara,0.475931194,0.030027205,5.115034221,16.44159609,10.28291632,2.913639758,5.045471197,4.577347077,52.63638857,2.481648373,999094
6087,CA,Santa Cruz,5.446974473,0.008797267,6.189610428,8.317815932,12.90192514,3.247657728,2.137735877,4.375174113,53.97489846,3.399410583,136406
6089,CA,Shasta,2.066528179,0.107912699,7.385275312,5.771980468,14.94186203,4.678015486,1.821026789,5.340329673,51.05484663,6.832222732,74134
6091,CA,Sierra,11.51419558,0,20.11041009,5.283911672,4.258675079,8.517350158,0,2.208201893,35.72555205,12.38170347,1268
6093,CA,Siskiyou,11.25287217,0.066513484,5.835046559,5.448059016,11.3677591,4.311283106,1.396783166,2.999153465,49.03253114,8.289998791,16538
6095,CA,Solano,1.366811932,0.105325204,8.557914368,8.549700934,13.6623216,6.540791775,1.711292988,5.609291809,47.04702915,6.849520239,206978
6097,CA,Sonoma,2.822231074,0.041394285,8.163655818,9.497645212,14.45168194,3.728219187,1.998641018,5.663206729,49.48257144,4.150753298,256074
6099,CA,Stanislaus,5.55144078,0.060041635,8.185822286,12.00569738,16.28355429,6.875424565,1.054453818,3.366714145,42.9508053,3.666045798,228175
6101,CA,Sutter,10.98988347,0.11781278,7.61685235,6.989371238,14.77525932,6.369573569,0.77602766,4.092713536,42.03611218,6.236393905,39045
6103,CA,Tehama,7.213900053,0,7.656395892,8.996062193,14.04619819,6.04879633,1.692851054,4.185442293,44.70425852,5.456095482,24633
6105,CA,Trinity,7.099664054,1.657334826,6.853303471,5.352743561,10.70548712,5.151175812,0.806270997,1.63493841,50.57110862,10.16797312,4465
6107,CA,Tulare,16.64194933,0.06883545,5.351256667,8.039197032,14.59983099,4.509001774,0.841135617,2.926905707,41.26377409,5.758113349,178687
6109,CA,Tuolumne,2.110227219,0.271519078,7.3310151,5.592340304,10.46539323,5.554232363,1.500500167,4.672986234,55.15171724,7.350069071,20993
6111,CA,Ventura,5.293299852,0.225374743,5.878263965,9.798629953,13.23842098,3.597577402,2.416825415,7.321913064,47.16152899,5.068165637,415752
6113,CA,Yolo,4.120080107,0.102649773,5.207966428,5.636680186,11.82686405,5.186832651,1.298217718,4.134169292,54.74654563,7.739994163,99367
6115,CA,Yuba,3.69873579,0.030180074,8.785755005,6.106435063,16.1362798,6.33110895,1.894638007,4.567251266,42.93618591,9.513430133,29821
8000,CO,Colorado,1.195246556,1.108625007,8.094260496,6.74198656,13.12430089,4.648058641,2.806076867,6.93581777,50.69195676,4.65367045,2904589
8001,CO,Adams,0.536860474,1.179107498,12.42530346,7.944084034,15.3199971,7.044098162,2.463983383,5.183796436,43.68998026,4.212789193,261893
8003,CO,Alamosa,6.042688203,0,7.427170464,2.321892126,14.83991924,4.254398616,1.225843669,5.927314681,52.56706086,5.393712143,6934
8005,CO,Arapahoe,0.446670276,0.669285443,7.079623081,5.582370492,13.42257139,6.033360596,3.74471541,9.28100773,49.82317502,3.917220565,347236
8007,CO,Archuleta,4.862023653,0.427069645,11.87582129,3.662943495,15.14454665,3.038764783,0.772010513,4.369250986,51.00197109,4.845597898,6088
8009,CO,Baca,22.81134402,1.294697904,6.843403206,3.945745993,7.58323058,7.953144266,0.246609125,2.959309495,39.82737361,6.5351418,1622
8011,CO,Bent,19.39477304,0,8.253094911,2.063273728,8.321870702,10.17881706,0.618982118,7.152682256,34.66299862,9.353507565,1454
8013,CO,Boulder,0.705719111,0.457210448,4.403209572,9.864144806,11.43481055,2.707436494,3.449550467,4.805259058,59.21216498,2.960494515,175849
8014,CO,Broomfield,0.359169226,0.757378585,5.489042736,9.710582479,12.38092759,3.276768518,4.690021342,6.483264796,52.65733174,4.195512987,38422
8015,CO,Chaffee,2.24772836,0.119560019,15.06456241,6.468197035,12.43424199,2.546628408,2.510760402,6.037780966,45.14586322,7.424677188,8364
8017,CO,Cheyenne,20.25912839,6.713780919,4.358068316,1.413427562,14.48763251,9.305064782,0.942285041,7.65606596,27.20848057,7.65606596,849
8019,CO,Clear Creek,0.721747388,1.272554606,13.67521368,4.957264957,14.20702754,3.703703704,2.469135803,6.666666667,47.74928775,4.577397911,5265
8021,CO,Conejos,11.38989766,0.561241334,9.40904589,2.443050512,11.52195444,7.263123143,0.924397491,5.414328161,43.54572466,7.527236712,3029
8023,CO,Costilla,11.97991392,0.860832138,7.317073171,5.81061693,16.42754663,6.958393113,1.43472023,2.510760402,40.81779053,5.882352941,1394
8025,CO,Crowley,3.742203742,0,7.172557173,4.72972973,15.33264033,4.781704782,0.467775468,3.170478171,42.30769231,18.2952183,1924
8027,CO,Custer,3.130434783,0,17.85507246,4.579710145,8.463768116,2.608695652,1.217391304,8.405797101,41.85507246,11.88405797,1725
8029,CO,Delta,6.92880494,6.111514711,10.32509989,4.422448238,16.0642935,4.395205231,1.49836542,3.922993098,42.98038503,3.350889938,11012
8031,CO,Denver,0.282306005,0.78747208,7.699119006,5.485193237,11.3111435,4.469637803,3.400108445,8.420926959,54.4713789,3.672714068,402046
8033,CO,Dolores,8.080808081,1.515151515,13.38383838,3.914141414,10.85858586,9.722222222,1.767676768,0.631313131,43.05555556,7.070707071,792
8035,CO,Douglas,0.434606056,0.777022949,5.867181755,6.132774345,13.16439303,3.599767332,5.146679544,11.80624911,48.7543488,4.316977073,182234
8037,CO,Eagle,1.251172058,0.515705579,11.82020628,2.862751993,11.90811064,3.914674168,0.796999531,7.29899203,56.64556962,2.985818097,34128
8039,CO,Elbert,2.921511628,1.104651163,12.43459302,6.082848837,11.74418605,6.940406977,3.350290698,6.184593023,42.54360465,6.693313954,13760
8041,CO,El Paso,0.483381816,0.262424955,7.303336015,5.645231169,12.67252584,4.088011388,2.748344371,7.00346599,53.58389553,6.20938293,323140
8043,CO,Fremont,2.21260557,2.010190549,7.712710267,4.173937321,10.59537935,3.978502129,1.584421023,4.418231312,48.75410065,14.55992183,14327
8045,CO,Garfield,2.083927158,2.201108472,15.42359462,2.942201109,13.33333333,5.060965954,0.832937451,6.517814727,47.60728424,3.996832938,31575
8047,CO,Gilpin,0.51975052,0.883575884,9.589397089,11.87629938,5.561330561,3.56029106,3.352390852,1.767151767,56.75675676,6.133056133,3848
8049,CO,Grand,4.78834143,1.341660884,12.49132547,1.526717557,8.269720102,6.049040019,0.948415452,7.529493407,52.09345362,4.961832061,8646
8051,CO,Gunnison,1.426079819,0.369344414,13.49133067,1.887760337,17.64645532,3.129167949,2.113470812,3.242023187,51.44146917,5.252898328,9747
8053,CO,Hinsdale,2.604166667,0,16.66666667,3.125,10.9375,4.947916667,3.125,2.083333333,44.53125,11.97916667,384
8055,CO,Huerfano,5.6640625,1.4453125,13.90625,7.65625,14.21875,1.9921875,2.265625,1.953125,42.578125,8.3203125,2560
8057,CO,Jackson,24.96099844,1.560062403,7.956318253,2.808112325,12.0124805,3.432137286,1.248049922,0,38.3775351,7.644305772,641
8059,CO,Jefferson,0.473947135,0.994688251,7.549323384,7.524661692,13.34355634,3.998672063,2.812065259,7.235044897,50.78949033,5.278550651,316280
8061,CO,Kiowa,20.65997131,0.430416069,5.595408895,0,13.34289813,7.74748924,3.299856528,4.017216643,39.74175036,5.164992826,697
